GENERIC
TEFF=5531  GRAVITY=4.59 LTE 
NTAU          64
5000
  1.0000e-11  3.4032e+03  1.0000e-06  1.6299e-09
  1.0000e-10  3.4032e+03  4.4793e-02  2.2546e-06
  1.5615e-10  3.3978e+03  7.0113e-02  3.4338e-06
  2.4384e-10  3.3904e+03  1.0861e-01  5.1882e-06
  3.8075e-10  3.3855e+03  1.6640e-01  7.7711e-06
  5.9456e-10  3.3823e+03  2.5201e-01  1.1536e-05
  9.2841e-10  3.3797e+03  3.7725e-01  1.6958e-05
  1.4497e-09  3.3773e+03  5.5863e-01  2.4693e-05
  2.2638e-09  3.3744e+03  8.1944e-01  3.5653e-05
  3.5350e-09  3.3710e+03  1.1928e+00  5.1091e-05
  5.5200e-09  3.3686e+03  1.7264e+00  7.2717e-05
  8.6195e-09  3.3696e+03  2.4884e+00  1.0295e-04
  1.3460e-08  3.3751e+03  3.5761e+00  1.4526e-04
  2.1017e-08  3.3851e+03  5.1267e+00  2.0449e-04
  3.2819e-08  3.3994e+03  7.3300e+00  2.8744e-04
  5.1248e-08  3.4178e+03  1.0444e+01  4.0348e-04
  8.0025e-08  3.4406e+03  1.4812e+01  5.6545e-04
  1.2496e-07  3.4678e+03  2.0880e+01  7.9073e-04
  1.9513e-07  3.4999e+03  2.9222e+01  1.1028e-03
  3.0470e-07  3.5367e+03  4.0557e+01  1.5326e-03
  4.7579e-07  3.5779e+03  5.5790e+01  2.1206e-03
  7.4296e-07  3.6229e+03  7.6053e+01  2.9188e-03
  1.1602e-06  3.6709e+03  1.0277e+02  3.9930e-03
  1.8116e-06  3.7209e+03  1.3776e+02  5.4261e-03
  2.8289e-06  3.7720e+03  1.8333e+02  7.3221e-03
  4.4173e-06  3.8234e+03  2.4242e+02  9.8112e-03
  6.8978e-06  3.8742e+03  3.1881e+02  1.3056e-02
  1.0771e-05  3.9240e+03  4.1731e+02  1.7262e-02
  1.6819e-05  3.9723e+03  5.4408e+02  2.2688e-02
  2.6264e-05  4.0190e+03  7.0695e+02  2.9662e-02
  4.1011e-05  4.0642e+03  9.1591e+02  3.8603e-02
  6.4040e-05  4.1084e+03  1.1837e+03  5.0050e-02
  1.0000e-04  4.1517e+03  1.5267e+03  6.4688e-02
  1.5615e-04  4.1946e+03  1.9657e+03  8.3388e-02
  2.4384e-04  4.2368e+03  2.5274e+03  1.0724e-01
  3.8075e-04  4.2782e+03  3.2457e+03  1.3757e-01
  5.9456e-04  4.3185e+03  4.1640e+03  1.7606e-01
  9.2841e-04  4.3575e+03  5.3380e+03  2.2476e-01
  1.4497e-03  4.3951e+03  6.8384e+03  2.8621e-01
  2.2638e-03  4.4315e+03  8.7561e+03  3.6366e-01
  3.5350e-03  4.4670e+03  1.1207e+04  4.6130e-01
  5.5200e-03  4.5024e+03  1.4341e+04  5.8465e-01
  8.6195e-03  4.5390e+03  1.8349e+04  7.4124e-01
  1.3460e-02  4.5784e+03  2.3474e+04  9.4165e-01
  2.1017e-02  4.6228e+03  3.0030e+04  1.2012e+00
  3.2819e-02  4.6751e+03  3.8410e+04  1.5430e+00
  5.1248e-02  4.7394e+03  4.9118e+04  2.0032e+00
  8.0025e-02  4.8215e+03  6.2777e+04  2.6413e+00
  1.2496e-01  4.9294e+03  8.0154e+04  3.5615e+00
  1.9513e-01  5.0732e+03  1.0212e+05  4.9626e+00
  3.0470e-01  5.2643e+03  1.2939e+05  7.3000e+00
  4.7579e-01  5.5163e+03  1.6151e+05  1.1919e+01
  7.4296e-01  5.8364e+03  1.9563e+05  2.3016e+01
  1.1602e+00  6.2788e+03  2.2533e+05  5.8354e+01
  1.8116e+00  6.7561e+03  2.4838e+05  1.5126e+02
  2.8289e+00  7.1552e+03  2.6781e+05  3.1573e+02
  4.4173e+00  7.5045e+03  2.8634e+05  5.7199e+02
  6.8978e+00  7.8227e+03  3.0539e+05  9.4625e+02
  1.0771e+01  8.1223e+03  3.2588e+05  1.4766e+03
  1.6819e+01  8.4104e+03  3.4857e+05  2.2125e+03
  2.6264e+01  8.6907e+03  3.7419e+05  3.2164e+03
  4.1011e+01  8.9654e+03  4.0354e+05  4.5649e+03
  6.4040e+01  9.2356e+03  4.3754e+05  6.3530e+03
  1.0000e+02  9.5023e+03  4.7732e+05  8.6981e+03
1.50
NATOMS         8	-0.39
8 8.47    10 7.71    12 7.38    14 7.29    16 6.90    18 6.18    20 6.12    22 4.73    
NMOL           20
606.0 106.0 607.0 608.0 107.0 108.0 112.0 707.0 708.0 808.0 12.1 60808.0 10108.0 101.0 6.1 7.1 8.1 822.0 22.1 126.0
